1 1 2
2 1 3
3 2 3
4 2 4
5 2 5
6 3 5
7 4 5
8 4 6
9 5 6
10 5 7
11 6 7
12 6 8
13 6 9
14 7 9
15 8 9
16 8 10
17 9 10
18 9 11
19 10 11
20 10 12
21 10 13
22 11 13
23 12 13
24 12 14
25 13 14
26 13 15
27 14 15
28 14 16
29 14 17
30 15 17
31 16 17
32 16 18
33 17 18
34 17 19
35 18 19
36 18 20
37 18 21
38 19 21
39 20 21
40 20 22
41 21 22
42 21 23
43 22 23
44 22 24
45 22 25
46 23 25
47 24 25
48 24 26
49 25 26
50 25 27
51 26 27
52 26 28
53 26 29
54 27 29
55 28 29
56 28 30
57 29 30
58 29 31
59 30 31
60 30 32
61 30 33
62 31 33
63 32 33
64 32 34
65 33 34
66 33 35
67 34 35
68 34 36
69 34 37
70 35 37
71 36 37
72 36 38
73 37 38
74 37 39
75 38 39
76 38 40
77 39 40 