1 0 0                      
2 8 11                  
3 8 0                   
4 16 11                 
5 16 0                  
6 24 11                 
7 24 0                  
8 32 11                 
9 32 0                  
10 40 11                
11 40 0                 
12 48 11                
13 48 0                 
14 56 11                
15 56 0                 
16 64 11
17 64 0
18 72 11
19 72 0
20 80 11
21 80 0
22 88 11
23 88 0
24 96 11
25 96 0
26 104 11
27 104 0
28 112 11
29 112 0
30 120 11
31 120 0
32 128 11
33 128 0
34 136 11
35 136 0
36 144 11
37 144 0
38 152 11
39 152 0
40 160 0
